20	 0.0221309
19.99	 0.0222193
19.98	 0.0222653
19.97	 0.0222123
19.96	 0.0221224
19.95	 0.0228841
19.94	 0.0229789
19.93	 0.0228833
19.92	 0.0223546
19.91	 0.0223744
19.9	 0.0224215
19.89	 0.0226989
19.88	 0.0227784
19.87	 0.0226839
19.86	 0.022342
19.85	 0.0224276
19.84	 0.0225106
19.83	 0.022677
19.82	 0.0227352
19.81	 0.0226535
19.8	 0.0224845
19.79	 0.0223875
19.78	 0.0222013
19.77	 0.0223492
19.76	 0.0224065
19.75	 0.0224145
19.74	 0.0224053
19.73	 0.0223354
19.72	 0.0222414
19.71	 0.0221965
19.7	 0.0225244
19.69	 0.0226917
19.68	 0.0227118
19.67	 0.0226274
19.66	 0.0225519
19.65	 0.0225517
19.64	 0.0225359
19.63	 0.0225025
19.62	 0.0224395
19.61	 0.0222862
19.6	 0.0227549
19.59	 0.0228751
19.58	 0.0228233
19.57	 0.02259
19.56	 0.0223826
19.55	 0.0220848
19.54	 0.0220411
19.53	 0.0220688
19.52	 0.0220262
19.51	 0.02203
19.5	 0.0222078
19.49	 0.0223918
19.48	 0.0225701
19.47	 0.0226039
19.46	 0.0225003
19.45	 0.0224789
19.44	 0.0226006
19.43	 0.0227862
19.42	 0.0228996
19.41	 0.022869
19.4	 0.0226511
19.39	 0.0221881
19.38	 0.022264
19.37	 0.0222704
19.36	 0.0222689
19.35	 0.0223698
19.34	 0.0224173
19.33	 0.0223587
19.32	 0.0222806
19.31	 0.022255
19.3	 0.0223941
19.29	 0.0225369
19.28	 0.0226011
19.27	 0.0226418
19.26	 0.0226393
19.25	 0.0226128
19.24	 0.0225616
19.23	 0.0224681
19.22	 0.0226181
19.21	 0.0226839
19.2	 0.0225835
19.19	 0.0223518
19.18	 0.0224035
19.17	 0.0224007
19.16	 0.0222869
19.15	 0.0223993
19.14	 0.0225236
19.13	 0.0224807
19.12	 0.022213
19.11	 0.0222363
19.1	 0.0223231
19.09	 0.0223587
19.08	 0.0223672
19.07	 0.022277
19.06	 0.0221652
19.05	 0.0221738
19.04	 0.0221544
19.03	 0.0221024
19.02	 0.0224832
19.01	 0.0225922
19	 0.022589
18.99	 0.0225757
18.98	 0.0225137
18.97	 0.0224298
18.96	 0.0223529
18.95	 0.0223491
18.94	 0.022415
18.93	 0.0223878
18.92	 0.0223017
18.91	 0.0223367
18.9	 0.0223805
18.89	 0.0224504
18.88	 0.0224524
18.87	 0.0223079
18.86	 0.0221212
18.85	 0.0221706
18.84	 0.0222427
18.83	 0.0222972
18.82	 0.0224053
18.81	 0.0224456
18.8	 0.0224134
18.79	 0.0224276
18.78	 0.0224805
18.77	 0.0226272
18.76	 0.0227142
18.75	 0.0226237
18.74	 0.0224244
18.73	 0.0225924
18.72	 0.0226061
18.71	 0.0224606
18.7	 0.0223315
18.69	 0.0223461
18.68	 0.0223283
18.67	 0.0223058
18.66	 0.0222902
18.65	 0.0223942
18.64	 0.0225098
18.63	 0.0226334
18.62	 0.0227114
18.61	 0.0226923
18.6	 0.0226701
18.59	 0.022672
18.58	 0.0226311
18.57	 0.0224371
18.56	 0.0224772
18.55	 0.022605
18.54	 0.0229213
18.53	 0.0229681
18.52	 0.0228552
18.51	 0.022695
18.5	 0.0224276
18.49	 0.0224379
18.48	 0.022512
18.47	 0.0224176
18.46	 0.0222747
18.45	 0.0221639
18.44	 0.0225792
18.43	 0.0226896
18.42	 0.0225727
18.41	 0.0222516
18.4	 0.0222752
18.39	 0.0225065
18.38	 0.0226184
18.37	 0.0225157
18.36	 0.0220499
18.35	 0.0220971
18.34	 0.0221032
18.33	 0.0220824
18.32	 0.0223453
18.31	 0.0224111
18.3	 0.0223136
18.29	 0.0224155
18.28	 0.0225394
18.27	 0.0224696
18.26	 0.0222394
18.25	 0.0222936
18.24	 0.0222983
18.23	 0.0222588
18.22	 0.0223307
18.21	 0.0223765
18.2	 0.022349
18.19	 0.0227459
18.18	 0.0228912
18.17	 0.0229059
18.16	 0.0228908
18.15	 0.0227411
18.14	 0.0223847
18.13	 0.0221497
18.12	 0.0223114
18.11	 0.0223651
18.1	 0.022253
18.09	 0.0224853
18.08	 0.0226091
18.07	 0.0225231
18.06	 0.022366
18.05	 0.0222527
18.04	 0.0226297
18.03	 0.0227358
18.02	 0.0226001
18.01	 0.0221636
18	 0.0220027
17.99	 0.0219443
17.98	 0.0222126
17.97	 0.0224352
17.96	 0.0224675
17.95	 0.022454
17.94	 0.0228185
17.93	 0.0228541
17.92	 0.0226753
17.91	 0.022436
17.9	 0.0220958
17.89	 0.0220998
17.88	 0.0221066
17.87	 0.0221154
17.86	 0.0220802
17.85	 0.0226263
17.84	 0.0228152
17.83	 0.0227577
17.82	 0.0223652
17.81	 0.0224931
17.8	 0.0224705
17.79	 0.0221359
17.78	 0.0221474
17.77	 0.0221809
17.76	 0.0221833
17.75	 0.0222221
17.74	 0.0223142
17.73	 0.0224471
17.72	 0.0224894
17.71	 0.0225119
17.7	 0.0225506
17.69	 0.0226792
17.68	 0.022782
17.67	 0.0226674
17.66	 0.022294
17.65	 0.0222614
17.64	 0.0223179
17.63	 0.0224588
17.62	 0.0226118
17.61	 0.0225829
17.6	 0.0224451
17.59	 0.0223337
17.58	 0.0222961
17.57	 0.022357
17.56	 0.0222424
17.55	 0.0223885
17.54	 0.022527
17.53	 0.0224361
17.52	 0.02233
17.51	 0.0223773
17.5	 0.0222909
17.49	 0.0221543
17.48	 0.022228
17.47	 0.0222205
17.46	 0.0223346
17.45	 0.022492
17.44	 0.0224233
17.43	 0.0219732
17.42	 0.0219696
17.41	 0.0227052
17.4	 0.0228022
17.39	 0.0227594
17.38	 0.0228209
17.37	 0.0228665
17.36	 0.0227214
17.35	 0.0225363
17.34	 0.0225461
17.33	 0.0227497
17.32	 0.0227517
17.31	 0.022679
17.3	 0.0225047
17.29	 0.0221438
17.28	 0.0221896
17.27	 0.0221983
17.26	 0.0222576
17.25	 0.0224376
17.24	 0.0226581
17.23	 0.0226514
17.22	 0.0225694
17.21	 0.0225125
17.2	 0.0225108
17.19	 0.0225128
17.18	 0.0223207
17.17	 0.0221062
17.16	 0.0221865
17.15	 0.0222834
17.14	 0.0223241
17.13	 0.0227091
17.12	 0.0229017
17.11	 0.0228316
17.1	 0.0226726
17.09	 0.0226329
17.08	 0.0224992
17.07	 0.0219429
17.06	 0.0219713
17.05	 0.022418
17.04	 0.0224185
17.03	 0.0221922
17.02	 0.0221088
17.01	 0.0225107
17	 0.0226729
16.99	 0.0228137
16.98	 0.0227415
16.97	 0.0220797
16.96	 0.0219851
16.95	 0.0221829
16.94	 0.0225432
16.93	 0.0227033
16.92	 0.0225603
16.91	 0.0223092
16.9	 0.0224195
16.89	 0.0224269
16.88	 0.0224729
16.87	 0.0224866
16.86	 0.0222626
16.85	 0.0223746
16.84	 0.0224463
16.83	 0.0224486
16.82	 0.0223112
16.81	 0.0220664
16.8	 0.0220819
16.79	 0.022196
16.78	 0.0221816
16.77	 0.0222908
16.76	 0.0224464
16.75	 0.022341
16.74	 0.02243
16.73	 0.0225492
16.72	 0.0223661
16.71	 0.022208
16.7	 0.0222831
16.69	 0.0223042
16.68	 0.022293
16.67	 0.022506
16.66	 0.0226413
16.65	 0.0227325
16.64	 0.0226538
16.63	 0.0225253
16.62	 0.0226983
16.61	 0.0227245
16.6	 0.0227096
16.59	 0.0226467
16.58	 0.0224069
16.57	 0.0222529
16.56	 0.0224051
16.55	 0.0224979
16.54	 0.0223253
16.53	 0.0222492
16.52	 0.0223435
16.51	 0.0224017
16.5	 0.0223927
16.49	 0.0226633
16.48	 0.0227437
16.47	 0.0224777
16.46	 0.02216
16.45	 0.0225954
16.44	 0.0227118
16.43	 0.0224871
16.42	 0.0221215
16.41	 0.0227294
16.4	 0.0228705
16.39	 0.0226573
16.38	 0.0223039
16.37	 0.0222643
16.36	 0.0220559
16.35	 0.0220331
16.34	 0.0222164
16.33	 0.0226248
16.32	 0.0227804
16.31	 0.0225779
16.3	 0.0220825
16.29	 0.0222375
16.28	 0.0224191
16.27	 0.0226265
16.26	 0.0226273
16.25	 0.0225682
16.24	 0.0224263
16.23	 0.0224379
16.22	 0.0224316
16.21	 0.0224098
16.2	 0.0223616
16.19	 0.0221611
16.18	 0.0222397
16.17	 0.0223967
16.16	 0.0224599
16.15	 0.0222076
16.14	 0.0224612
16.13	 0.0225514
16.12	 0.022656
16.11	 0.0227755
16.1	 0.0225935
16.09	 0.0223306
16.08	 0.0223663
16.07	 0.0223232
16.06	 0.022488
16.05	 0.0224067
16.04	 0.022231
16.03	 0.0221847
16.02	 0.0221202
16.01	 0.0227926
16	 0.0227725
15.99	 0.0226604
15.98	 0.0226846
15.97	 0.0225457
15.96	 0.0224194
15.95	 0.0222971
15.94	 0.0221516
15.93	 0.0222595
15.92	 0.0221624
15.91	 0.0223599
15.9	 0.0223851
15.89	 0.0221969
15.88	 0.0220684
15.87	 0.022535
15.86	 0.0225069
15.85	 0.0223195
15.84	 0.0221212
15.83	 0.0221458
15.82	 0.022058
15.81	 0.0224865
15.8	 0.0225383
15.79	 0.0223848
15.78	 0.0226457
15.77	 0.022503
15.76	 0.022484
15.75	 0.0225445
15.74	 0.0224509
15.73	 0.0225737
15.72	 0.0224212
15.71	 0.022074
15.7	 0.0221871
15.69	 0.0222953
15.68	 0.0222041
15.67	 0.0222534
15.66	 0.0223353
15.65	 0.0225486
15.64	 0.0226179
15.63	 0.022171
15.62	 0.0222229
15.61	 0.0223834
15.6	 0.0223889
15.59	 0.0223549
15.58	 0.0223945
15.57	 0.0224571
15.56	 0.0227243
15.55	 0.0226296
15.54	 0.0220719
15.53	 0.0223524
15.52	 0.0225036
15.51	 0.0222508
15.5	 0.0221962
15.49	 0.0223063
15.48	 0.0223675
15.47	 0.0223679
15.46	 0.0222556
15.45	 0.0223283
15.44	 0.0222425
15.43	 0.0223699
15.42	 0.0224836
15.41	 0.0224967
15.4	 0.0221432
15.39	 0.0222028
15.38	 0.022591
15.37	 0.0225142
15.36	 0.0223128
15.35	 0.022317
15.34	 0.0224642
15.33	 0.0226029
15.32	 0.0224172
15.31	 0.0222451
15.3	 0.0222015
15.29	 0.0222299
15.28	 0.022216
15.27	 0.0220831
15.26	 0.0221489
15.25	 0.0223626
15.24	 0.0222314
15.23	 0.0223508
15.22	 0.0223501
15.21	 0.0219915
15.2	 0.0220641
15.19	 0.0223787
15.18	 0.0228202
15.17	 0.0226493
15.16	 0.0222975
15.15	 0.0224196
15.14	 0.0224476
15.13	 0.0223487
15.12	 0.0222519
15.11	 0.0222222
15.1	 0.0224168
15.09	 0.0223132
15.08	 0.0221163
15.07	 0.0219219
15.06	 0.0224176
15.05	 0.0225331
15.04	 0.0224326
15.03	 0.0219578
15.02	 0.0221655
15.01	 0.0222817
15	 0.0226665
14.99	 0.0226173
14.98	 0.0223393
14.97	 0.0223144
14.96	 0.0222579
14.95	 0.022397
14.94	 0.0219195
14.93	 0.0221046
14.92	 0.0225478
14.91	 0.0224351
14.9	 0.0225891
14.89	 0.02274
14.88	 0.0227232
14.87	 0.0223471
14.86	 0.0224753
14.85	 0.022113
14.84	 0.0221934
14.83	 0.0222544
14.82	 0.0222513
14.81	 0.0221484
14.8	 0.0222415
14.79	 0.0222538
14.78	 0.0221937
14.77	 0.0220904
14.76	 0.0220822
14.75	 0.0222029
14.74	 0.022031
14.73	 0.022166
14.72	 0.0223642
14.71	 0.0224201
14.7	 0.022382
14.69	 0.0226918
14.68	 0.0225788
14.67	 0.0223048
14.66	 0.0223599
14.65	 0.0223583
14.64	 0.0224494
14.63	 0.0224789
14.62	 0.02212
14.61	 0.022227
14.6	 0.0224335
14.59	 0.0225095
14.58	 0.0221133
14.57	 0.0219929
14.56	 0.0223089
14.55	 0.0224558
14.54	 0.0223883
14.53	 0.0225497
14.52	 0.0224569
14.51	 0.022226
14.5	 0.0223986
14.49	 0.0224098
14.48	 0.0222868
14.47	 0.0223575
14.46	 0.0224586
14.45	 0.0224203
14.44	 0.0220292
14.43	 0.0221517
14.42	 0.0223148
14.41	 0.0224296
14.4	 0.0226369
14.39	 0.0221589
14.38	 0.0222183
14.37	 0.0221653
14.36	 0.0223622
14.35	 0.0222634
14.34	 0.0225968
14.33	 0.0224826
14.32	 0.022385
14.31	 0.022288
14.3	 0.0221523
14.29	 0.0220517
14.28	 0.0220776
14.27	 0.0221237
14.26	 0.0220268
14.25	 0.0225139
14.24	 0.0226434
14.23	 0.0225241
14.22	 0.0221766
14.21	 0.02245
14.2	 0.0224914
14.19	 0.0223774
14.18	 0.0223396
14.17	 0.0225046
14.16	 0.0224394
14.15	 0.0222911
14.14	 0.0224791
14.13	 0.0224413
14.12	 0.0224481
14.11	 0.0223779
14.1	 0.0219253
14.09	 0.022265
14.08	 0.0222243
14.07	 0.0222313
14.06	 0.022217
14.05	 0.0221201
14.04	 0.0222195
14.03	 0.0224653
14.02	 0.022388
14.01	 0.0222911
14	 0.022476
13.99	 0.022559
13.98	 0.0223912
13.97	 0.022323
13.96	 0.0225562
13.95	 0.0223698
13.94	 0.0220995
13.93	 0.0219887
13.92	 0.0220332
13.91	 0.0220871
13.9	 0.0224593
13.89	 0.0223301
13.88	 0.0219309
13.87	 0.0222534
13.86	 0.0223502
13.85	 0.0224229
13.84	 0.0225135
13.83	 0.0224851
13.82	 0.0222192
13.81	 0.0222063
13.8	 0.0221219
13.79	 0.0221212
13.78	 0.0223122
13.77	 0.0225089
13.76	 0.0224528
13.75	 0.0221668
13.74	 0.0220712
13.73	 0.0223606
13.72	 0.0224696
13.71	 0.0226112
13.7	 0.0226118
13.69	 0.0225346
13.68	 0.0220951
13.67	 0.0219963
13.66	 0.0222708
13.65	 0.0224223
13.64	 0.0221732
13.63	 0.0222487
13.62	 0.0221928
13.61	 0.0224404
13.6	 0.0223772
13.59	 0.0220199
13.58	 0.0221433
13.57	 0.0223236
13.56	 0.0220346
13.55	 0.0226747
13.54	 0.0223663
13.53	 0.0223259
13.52	 0.022095
13.51	 0.0222741
13.5	 0.0223056
13.49	 0.0222277
13.48	 0.0225395
13.47	 0.0224282
13.46	 0.0222874
13.45	 0.0225134
13.44	 0.022057
13.43	 0.0221814
13.42	 0.0223133
13.41	 0.0220462
13.4	 0.022238
13.39	 0.0221835
13.38	 0.0221377
13.37	 0.0223476
13.36	 0.0221507
13.35	 0.022106
13.34	 0.0220776
13.33	 0.0223656
13.32	 0.0221841
13.31	 0.0220861
13.3	 0.0220991
13.29	 0.022282
13.28	 0.022268
13.27	 0.0221831
13.26	 0.0222264
13.25	 0.0223875
13.24	 0.0224303
13.23	 0.022425
13.22	 0.0222402
13.21	 0.0221739
13.2	 0.0220291
13.19	 0.0221384
13.18	 0.0222349
13.17	 0.0220403
13.16	 0.0224781
13.15	 0.0223461
13.14	 0.0224194
13.13	 0.0224803
13.12	 0.0220876
13.11	 0.0219594
13.1	 0.0223532
13.09	 0.0221994
13.08	 0.0221304
13.07	 0.0220834
13.06	 0.0221489
13.05	 0.0219357
13.04	 0.0223553
13.03	 0.0223575
13.02	 0.0225706
13.01	 0.0220436
13	 0.0220735
12.99	 0.0223212
12.98	 0.0222709
12.97	 0.021988
12.96	 0.0223995
12.95	 0.0221718
12.94	 0.0222177
12.93	 0.0222439
12.92	 0.0225339
12.91	 0.0223709
12.9	 0.0220717
12.89	 0.0221617
12.88	 0.0219858
12.87	 0.0221435
12.86	 0.0221946
12.85	 0.0224492
12.84	 0.0222206
12.83	 0.0220458
12.82	 0.0221203
12.81	 0.0223988
12.8	 0.0221029
12.79	 0.0220928
12.78	 0.0222699
12.77	 0.0221956
12.76	 0.022247
12.75	 0.022206
12.74	 0.0219965
12.73	 0.0224328
12.72	 0.0220652
12.71	 0.0220354
12.7	 0.0220353
12.69	 0.0220477
12.68	 0.0222602
12.67	 0.0222308
12.66	 0.0224504
12.65	 0.0222632
12.64	 0.0222502
12.63	 0.0224491
12.62	 0.0223482
12.61	 0.0219939
12.6	 0.022249
12.59	 0.0223185
12.58	 0.0221401
12.57	 0.0222547
12.56	 0.0222839
12.55	 0.0224573
12.54	 0.0223624
12.53	 0.0223011
12.52	 0.0223383
12.51	 0.022256
12.5	 0.0220869
12.49	 0.0221549
12.48	 0.0223018
12.47	 0.0219824
12.46	 0.0221023
12.45	 0.0223357
12.44	 0.0224527
12.43	 0.0223395
12.42	 0.0222744
12.41	 0.0223114
12.4	 0.0223843
12.39	 0.0220107
12.38	 0.0223894
12.37	 0.0224542
12.36	 0.022024
12.35	 0.0221541
12.34	 0.0220151
12.33	 0.0219949
12.32	 0.0224221
12.31	 0.0222167
12.3	 0.0218517
12.29	 0.0220535
12.28	 0.0221359
12.27	 0.0222443
12.26	 0.0219712
12.25	 0.0223501
12.24	 0.0223512
12.23	 0.021959
12.22	 0.0220271
12.21	 0.0220545
12.2	 0.0220325
12.19	 0.022172
12.18	 0.022053
12.17	 0.0219465
12.16	 0.0221679
12.15	 0.0223889
12.14	 0.0223411
12.13	 0.0221504
12.12	 0.0222084
12.11	 0.0222862
12.1	 0.0222109
12.09	 0.0223118
12.08	 0.0224257
12.07	 0.0222414
12.06	 0.0220108
12.05	 0.0220593
12.04	 0.0220255
12.03	 0.0223498
12.02	 0.0221697
12.01	 0.0221027
12	 0.0221422
11.99	 0.0220451
11.98	 0.0218778
11.97	 0.0220802
11.96	 0.0220473
11.95	 0.0219314
11.94	 0.0219022
11.93	 0.0222675
11.92	 0.0220318
11.91	 0.0222958
11.9	 0.0220997
11.89	 0.0220434
11.88	 0.0221276
11.87	 0.0221504
11.86	 0.0221552
11.85	 0.0222128
11.84	 0.0221348
11.83	 0.0223479
11.82	 0.0223423
11.81	 0.0219323
11.8	 0.0221204
11.79	 0.021952
11.78	 0.0221245
11.77	 0.0223609
11.76	 0.0221655
11.75	 0.0223366
11.74	 0.0221583
11.73	 0.0222656
11.72	 0.022193
11.71	 0.0220039
11.7	 0.0222667
11.69	 0.0220447
11.68	 0.0219487
11.67	 0.0219606
11.66	 0.0219188
11.65	 0.0222701
11.64	 0.0221989
11.63	 0.0223665
11.62	 0.0223803
11.61	 0.0219503
11.6	 0.021997
11.59	 0.0219912
11.58	 0.0219793
11.57	 0.0222397
11.56	 0.0222011
11.55	 0.0225231
11.54	 0.0221804
11.53	 0.0220969
11.52	 0.0221249
11.51	 0.0218861
11.5	 0.0219674
11.49	 0.0222421
11.48	 0.0219687
11.47	 0.022177
11.46	 0.0219816
11.45	 0.0220762
11.44	 0.0222076
11.43	 0.0221039
11.42	 0.0217709
11.41	 0.0218488
11.4	 0.0220133
11.39	 0.0218878
11.38	 0.0219416
11.37	 0.0221818
11.36	 0.0222249
11.35	 0.0219139
11.34	 0.0219402
11.33	 0.0220529
11.32	 0.0221868
11.31	 0.0221176
11.3	 0.0220952
11.29	 0.0219719
11.28	 0.0219303
11.27	 0.0221873
11.26	 0.0220219
11.25	 0.0220559
11.24	 0.0220276
11.23	 0.0220817
11.22	 0.0219827
11.21	 0.0220488
11.2	 0.022093
11.19	 0.0220123
11.18	 0.0221501
11.17	 0.0221489
11.16	 0.0221939
11.15	 0.0219452
11.14	 0.0220817
11.13	 0.0220061
11.12	 0.0221578
11.11	 0.0219918
11.1	 0.022067
11.09	 0.0218792
11.08	 0.0222705
11.07	 0.0218955
11.06	 0.0219395
11.05	 0.0223735
11.04	 0.0218286
11.03	 0.0223979
11.02	 0.0220085
11.01	 0.0219698
11	 0.0220542
10.99	 0.0220876
10.98	 0.022443
10.97	 0.0224013
10.96	 0.0218953
10.95	 0.0219937
10.94	 0.0220489
10.93	 0.0221502
10.92	 0.0218335
10.91	 0.0220535
10.9	 0.0221204
10.89	 0.0220602
10.88	 0.0223479
10.87	 0.0222434
10.86	 0.0217676
10.85	 0.0220057
10.84	 0.0217755
10.83	 0.0221803
10.82	 0.0219498
10.81	 0.0219327
10.8	 0.0217616
10.79	 0.0218792
10.78	 0.0220991
10.77	 0.0220766
10.76	 0.0220437
10.75	 0.0219419
10.74	 0.0219615
10.73	 0.02199
10.72	 0.0218719
10.71	 0.022021
10.7	 0.0218204
10.69	 0.0218385
10.68	 0.0220739
10.67	 0.0220983
10.66	 0.0219835
10.65	 0.022006
10.64	 0.0219065
10.63	 0.0220536
10.62	 0.0219536
10.61	 0.022029
10.6	 0.0219678
10.59	 0.0220258
10.58	 0.0220939
10.57	 0.022093
10.56	 0.0220694
10.55	 0.0219539
10.54	 0.0218918
10.53	 0.0220738
10.52	 0.0218358
10.51	 0.0220441
10.5	 0.0217965
10.49	 0.0221307
10.48	 0.021939
10.47	 0.021934
10.46	 0.0223466
10.45	 0.0220536
10.44	 0.0218593
10.43	 0.022131
10.42	 0.0221673
10.41	 0.0223456
10.4	 0.0218762
10.39	 0.0220157
10.38	 0.0223059
10.37	 0.0220143
10.36	 0.0221244
10.35	 0.0218088
10.34	 0.0221523
10.33	 0.0222206
10.32	 0.0220682
10.31	 0.0219182
10.3	 0.0219055
10.29	 0.0219233
10.28	 0.0219793
10.27	 0.0221448
10.26	 0.0218778
10.25	 0.0218905
10.24	 0.0219411
10.23	 0.0219576
10.22	 0.0221206
10.21	 0.0219543
10.2	 0.0218498
10.19	 0.0218846
10.18	 0.0218347
10.17	 0.0221416
10.16	 0.0220802
10.15	 0.0219375
10.14	 0.0219066
10.13	 0.0219279
10.12	 0.0218733
10.11	 0.0221982
10.1	 0.0219861
10.09	 0.0222692
10.08	 0.0219469
10.07	 0.0220504
10.06	 0.0219104
10.05	 0.0219673
10.04	 0.0220328
10.03	 0.0218156
10.02	 0.0219793
10.01	 0.0221655
10	 0.0218203
9.99	 0.0218851
9.98	 0.0220098
9.97	 0.0219685
9.96	 0.0221146
9.95	 0.0222139
9.94	 0.0218599
9.93	 0.0219562
9.92	 0.0220716
9.91	 0.0221612
9.9	 0.0221438
9.89	 0.0222107
9.88	 0.0219921
9.87	 0.021879
9.86	 0.0220983
9.85	 0.0218214
9.84	 0.0219423
9.83	 0.0220624
9.82	 0.0220859
9.81	 0.022005
9.8	 0.021756
9.79	 0.0218046
9.78	 0.0219137
9.77	 0.0218149
9.76	 0.021908
9.75	 0.0218122
9.74	 0.0218709
9.73	 0.0218996
9.72	 0.0219577
9.71	 0.0220223
9.7	 0.0220062
9.69	 0.0220427
9.68	 0.0219704
9.67	 0.0219025
9.66	 0.022155
9.65	 0.0220089
9.64	 0.0219743
9.63	 0.0220806
9.62	 0.0221805
9.61	 0.0221068
9.6	 0.0221518
9.59	 0.0221433
9.58	 0.0219628
9.57	 0.0218662
9.56	 0.0219881
9.55	 0.0218544
9.54	 0.0218612
9.53	 0.0219562
9.52	 0.0220115
9.51	 0.0218019
9.5	 0.0221548
9.49	 0.0220981
9.48	 0.0220569
9.47	 0.0219248
9.46	 0.0219227
9.45	 0.0219546
9.44	 0.0223083
9.43	 0.0219836
9.42	 0.0219831
9.41	 0.0220524
9.4	 0.022322
9.39	 0.021983
9.38	 0.0221743
9.37	 0.0218753
9.36	 0.0220865
9.35	 0.0218403
9.34	 0.0220397
9.33	 0.0219512
9.32	 0.0221201
9.31	 0.0220878
9.3	 0.0220128
9.29	 0.0221199
9.28	 0.0220588
9.27	 0.0221658
9.26	 0.0220401
9.25	 0.0220746
9.24	 0.0219329
9.23	 0.021929
9.22	 0.02197
9.21	 0.0220056
9.2	 0.0220627
9.19	 0.0218608
9.18	 0.0221489
9.17	 0.022181
9.16	 0.0218899
9.15	 0.0221821
9.14	 0.0220879
9.13	 0.0219636
9.12	 0.0220933
9.11	 0.0220549
9.1	 0.0220247
9.09	 0.0220983
9.08	 0.0219814
9.07	 0.0222072
9.06	 0.0221472
9.05	 0.0220131
9.04	 0.0220659
9.03	 0.0222498
9.02	 0.02211
9.01	 0.022034
9	 0.0219582
8.99	 0.0220057
8.98	 0.0222833
8.97	 0.0221308
8.96	 0.0220223
8.95	 0.0221433
8.94	 0.0221982
8.93	 0.0219942
8.92	 0.0220968
8.91	 0.022111
8.9	 0.0220898
8.89	 0.0221165
8.88	 0.0221325
8.87	 0.0220929
8.86	 0.0222917
8.85	 0.0221185
8.84	 0.0222877
8.83	 0.0220951
8.82	 0.0223161
8.81	 0.0221913
8.8	 0.0223341
8.79	 0.0221744
8.78	 0.0219172
8.77	 0.0221521
8.76	 0.0222814
8.75	 0.0222475
8.74	 0.0220316
8.73	 0.0222754
8.72	 0.022215
8.71	 0.0222478
8.7	 0.0219944
8.69	 0.0219702
8.68	 0.0223521
8.67	 0.0221037
8.66	 0.0221987
8.65	 0.0221726
8.64	 0.0221125
8.63	 0.0221642
8.62	 0.0221741
8.61	 0.0219907
8.6	 0.0220499
8.59	 0.0222802
8.58	 0.0220877
8.57	 0.0221627
8.56	 0.0222385
8.55	 0.0221705
8.54	 0.0221713
8.53	 0.0219679
8.52	 0.0223523
8.51	 0.0221742
8.5	 0.0222904
8.49	 0.0222191
8.48	 0.0221685
8.47	 0.0220713
8.46	 0.0221295
8.45	 0.0222624
8.44	 0.0223392
8.43	 0.0223471
8.42	 0.0220817
8.41	 0.0220235
8.4	 0.0221454
8.39	 0.0222194
8.38	 0.0223927
8.37	 0.0221448
8.36	 0.022253
8.35	 0.0222833
8.34	 0.022207
8.33	 0.022258
8.32	 0.0223511
8.31	 0.0221358
8.3	 0.0221989
8.29	 0.022252
8.28	 0.0223946
8.27	 0.0222012
8.26	 0.0220838
8.25	 0.0222724
8.24	 0.0221975
8.23	 0.0223092
8.22	 0.0222088
8.21	 0.0223332
8.2	 0.0223658
8.19	 0.0222078
8.18	 0.0221134
8.17	 0.0222885
8.16	 0.0222011
8.15	 0.0223406
8.14	 0.0224258
8.13	 0.0223369
8.12	 0.0224457
8.11	 0.0223155
8.1	 0.0222884
8.09	 0.0222278
8.08	 0.0222736
8.07	 0.0223298
8.06	 0.0222847
8.05	 0.0224487
8.04	 0.0224047
8.03	 0.0222967
8.02	 0.0223724
8.01	 0.0224495
8	 0.0222745
7.99	 0.0221205
7.98	 0.0221905
7.97	 0.0221956
7.96	 0.0224596
7.95	 0.0221187
7.94	 0.022066
7.93	 0.0221322
7.92	 0.0220159
7.91	 0.0223495
7.9	 0.0222386
7.89	 0.0225066
7.88	 0.0222583
7.87	 0.0223082
7.86	 0.0225366
7.85	 0.0220899
7.84	 0.0221057
7.83	 0.0221767
7.82	 0.0221182
7.81	 0.0224122
7.8	 0.0221275
7.79	 0.0222315
7.78	 0.0223639
7.77	 0.0220927
7.76	 0.022442
7.75	 0.0223558
7.74	 0.0224641
7.73	 0.0224107
7.72	 0.0222753
7.71	 0.0225341
7.7	 0.0223545
7.69	 0.0221538
7.68	 0.0223075
7.67	 0.0223037
7.66	 0.0225812
7.65	 0.0221996
7.64	 0.0223323
7.63	 0.0223873
7.62	 0.0225014
7.61	 0.0222673
7.6	 0.022473
7.59	 0.0224897
7.58	 0.022403
7.57	 0.0226103
7.56	 0.0221381
7.55	 0.0222792
7.54	 0.022391
7.53	 0.0223744
7.52	 0.0221791
7.51	 0.0222779
7.5	 0.022306
7.49	 0.0221438
7.48	 0.022448
7.47	 0.0226346
7.46	 0.0226052
7.45	 0.0223143
7.44	 0.0224912
7.43	 0.0224391
7.42	 0.022299
7.41	 0.0221745
7.4	 0.0222077
7.39	 0.0223465
7.38	 0.0224568
7.37	 0.0223026
7.36	 0.0225272
7.35	 0.0221289
7.34	 0.0223264
7.33	 0.0220924
7.32	 0.0222362
7.31	 0.0221256
7.3	 0.0222668
7.29	 0.0222435
7.28	 0.0223446
7.27	 0.0223482
7.26	 0.0223355
7.25	 0.0223431
7.24	 0.0222696
7.23	 0.0222798
7.22	 0.0223858
7.21	 0.0223475
7.2	 0.0221792
7.19	 0.0223366
7.18	 0.0219316
7.17	 0.0224828
7.16	 0.0221101
7.15	 0.0221444
7.14	 0.0224435
7.13	 0.0222351
7.12	 0.0223403
7.11	 0.0224116
7.1	 0.0224577
7.09	 0.0223889
7.08	 0.0223962
7.07	 0.0223446
7.06	 0.0225021
7.05	 0.0222993
7.04	 0.0221847
7.03	 0.0223213
7.02	 0.0225485
7.01	 0.0224688
7	 0.0225031
6.99	 0.0222217
6.98	 0.0221691
6.97	 0.0223386
6.96	 0.0225852
6.95	 0.0225479
6.94	 0.0222833
6.93	 0.0222795
6.92	 0.0223875
6.91	 0.0222638
6.9	 0.0222559
6.89	 0.0221453
6.88	 0.0222156
6.87	 0.0224865
6.86	 0.0221835
6.85	 0.0224863
6.84	 0.0224152
6.83	 0.0224996
6.82	 0.0223964
6.81	 0.022311
6.8	 0.0223268
6.79	 0.0222828
6.78	 0.0222318
6.77	 0.0223515
6.76	 0.0222509
6.75	 0.0224223
6.74	 0.022077
6.73	 0.0221985
6.72	 0.0223472
6.71	 0.022486
6.7	 0.0221728
6.69	 0.0225109
6.68	 0.0221572
6.67	 0.0224793
6.66	 0.022225
6.65	 0.0221389
6.64	 0.0226509
6.63	 0.0226406
6.62	 0.0226651
6.61	 0.0225402
6.6	 0.022583
6.59	 0.0225728
6.58	 0.0221892
6.57	 0.0222847
6.56	 0.02237
6.55	 0.0223807
6.54	 0.0223408
6.53	 0.0223034
6.52	 0.0224921
6.51	 0.0222258
6.5	 0.0221129
6.49	 0.0223229
6.48	 0.0224413
6.47	 0.0222717
6.46	 0.022257
6.45	 0.0223101
6.44	 0.0221684
6.43	 0.0222447
6.42	 0.0224582
6.41	 0.0222552
6.4	 0.0219373
6.39	 0.022222
6.38	 0.0222744
6.37	 0.0219954
6.36	 0.0220145
6.35	 0.0219905
6.34	 0.0221754
6.33	 0.0218757
6.32	 0.0219774
6.31	 0.0219894
6.3	 0.0220528
6.29	 0.0221177
6.28	 0.0221901
6.27	 0.0221949
6.26	 0.0221436
6.25	 0.0219027
6.24	 0.0224239
6.23	 0.0218566
6.22	 0.0221927
6.21	 0.0219156
6.2	 0.0223126
6.19	 0.0219895
6.18	 0.0220739
6.17	 0.0219265
6.16	 0.0222768
6.15	 0.0222584
6.14	 0.021901
6.13	 0.0219057
6.12	 0.0220777
6.11	 0.0221652
6.1	 0.0219898
6.09	 0.0221091
6.08	 0.0221521
6.07	 0.0221634
6.06	 0.0223574
6.05	 0.0223474
6.04	 0.022127
6.03	 0.0221074
6.02	 0.0221353
6.01	 0.0221048
6	 0.0220015
5.99	 0.0223373
5.98	 0.0219628
5.97	 0.0224772
5.96	 0.0220228
5.95	 0.0223511
5.94	 0.0224573
5.93	 0.0221439
5.92	 0.0222007
5.91	 0.0221813
5.9	 0.0221628
5.89	 0.022045
5.88	 0.0224732
5.87	 0.0222562
5.86	 0.0223785
5.85	 0.0222912
5.84	 0.022313
5.83	 0.0223576
5.82	 0.0224127
5.81	 0.0220219
5.8	 0.0222473
5.79	 0.0220255
5.78	 0.022491
5.77	 0.0225295
5.76	 0.0219995
5.75	 0.0223116
5.74	 0.0222535
5.73	 0.0221932
5.72	 0.0224696
5.71	 0.0226681
5.7	 0.022141
5.69	 0.0223123
5.68	 0.0221841
5.67	 0.0220152
5.66	 0.0219843
5.65	 0.0222266
5.64	 0.0222523
5.63	 0.0223487
5.62	 0.0221682
5.61	 0.0221548
5.6	 0.0221169
5.59	 0.0221956
5.58	 0.0221251
5.57	 0.0224466
5.56	 0.0222201
5.55	 0.0225411
5.54	 0.0220886
5.53	 0.0222412
5.52	 0.0221345
5.51	 0.0223503
5.5	 0.0219995
5.49	 0.0221683
5.48	 0.022242
5.47	 0.0221602
5.46	 0.0224586
5.45	 0.022021
5.44	 0.0221966
5.43	 0.0222253
5.42	 0.0222631
5.41	 0.0222329
5.4	 0.0219696
5.39	 0.0223178
5.38	 0.0224492
5.37	 0.0222325
5.36	 0.0219434
5.35	 0.0222419
5.34	 0.0221704
5.33	 0.0221915
5.32	 0.0224842
5.31	 0.0221256
5.3	 0.0219469
5.29	 0.0220167
5.28	 0.0225492
5.27	 0.0223457
5.26	 0.0219427
5.25	 0.0220552
5.24	 0.0225578
5.23	 0.0219561
5.22	 0.0224064
5.21	 0.0221199
5.2	 0.0223767
5.19	 0.0218544
5.18	 0.0221001
5.17	 0.0222914
5.16	 0.0221093
5.15	 0.0222966
5.14	 0.022274
5.13	 0.0223004
5.12	 0.0218647
5.11	 0.0222555
5.1	 0.0219953
5.09	 0.0219444
5.08	 0.0221289
5.07	 0.0221345
5.06	 0.0222649
5.05	 0.0220729
5.04	 0.0220022
5.03	 0.0222005
5.02	 0.0224753
5.01	 0.021945
5	 0.0220498
4.99	 0.0220505
4.98	 0.0221211
4.97	 0.0222087
4.96	 0.0219383
4.95	 0.0221946
4.94	 0.0218611
4.93	 0.0218915
4.92	 0.0219608
4.91	 0.0218339
4.9	 0.0221251
4.89	 0.0218472
4.88	 0.0218036
4.87	 0.0219429
4.86	 0.0220959
4.85	 0.021936
4.84	 0.0223247
4.83	 0.0218739
4.82	 0.0221309
4.81	 0.0221577
4.8	 0.0221694
4.79	 0.0222859
4.78	 0.0220517
4.77	 0.0218583
4.76	 0.0219929
4.75	 0.0220183
4.74	 0.0218335
4.73	 0.0220289
4.72	 0.0219301
4.71	 0.0220313
4.7	 0.0218671
4.69	 0.0219467
4.68	 0.0221235
4.67	 0.0219854
4.66	 0.0219768
4.65	 0.0219534
4.64	 0.0219013
4.63	 0.0218567
4.62	 0.0218804
4.61	 0.0217186
4.6	 0.0217219
4.59	 0.0219053
4.58	 0.0218344
4.57	 0.0218348
4.56	 0.0218499
4.55	 0.0218744
4.54	 0.0216926
4.53	 0.0219418
4.52	 0.0219979
4.51	 0.0217939
4.5	 0.0219851
4.49	 0.0219376
4.48	 0.0217944
4.47	 0.0218384
4.46	 0.0219579
4.45	 0.0218049
4.44	 0.0218963
4.43	 0.021958
4.42	 0.0217931
4.41	 0.0219438
4.4	 0.0219442
4.39	 0.0218607
4.38	 0.0219012
4.37	 0.021689
4.36	 0.0217792
4.35	 0.0218751
4.34	 0.0220373
4.33	 0.0218849
4.32	 0.0220222
4.31	 0.0218864
4.3	 0.0218345
4.29	 0.0218818
4.28	 0.0219976
4.27	 0.0217368
4.26	 0.0219168
4.25	 0.0218789
4.24	 0.0218914
4.23	 0.0219072
4.22	 0.0220013
4.21	 0.0219424
4.2	 0.02188
4.19	 0.0218053
4.18	 0.0216573
4.17	 0.0218317
4.16	 0.0218201
4.15	 0.0219312
4.14	 0.0218272
4.13	 0.0219911
4.12	 0.021842
4.11	 0.021897
4.1	 0.0216896
4.09	 0.0217968
4.08	 0.0217098
4.07	 0.0216469
4.06	 0.0217102
4.05	 0.0216401
4.04	 0.0217483
4.03	 0.021714
4.02	 0.0216069
4.01	 0.0215983
4	 0.0216041
3.99	 0.0217066
3.98	 0.0216776
3.97	 0.0217105
3.96	 0.0215957
3.95	 0.0217856
3.94	 0.0215795
3.93	 0.0215031
3.92	 0.0215506
3.91	 0.0215317
3.9	 0.0215285
3.89	 0.0216891
3.88	 0.0215855
3.87	 0.0215001
3.86	 0.0215584
3.85	 0.0216378
3.84	 0.0216252
3.83	 0.0216997
3.82	 0.0215522
3.81	 0.0216682
3.8	 0.0216383
3.79	 0.0215609
3.78	 0.0216736
3.77	 0.0216716
3.76	 0.0216559
3.75	 0.0217118
3.74	 0.0216593
3.73	 0.0215524
3.72	 0.0217075
3.71	 0.0216623
3.7	 0.02173
3.69	 0.0217333
3.68	 0.0218163
3.67	 0.0216623
3.66	 0.0217792
3.65	 0.0217162
3.64	 0.0217944
3.63	 0.021793
3.62	 0.0218076
3.61	 0.0216315
3.6	 0.0217307
3.59	 0.0216886
3.58	 0.0217007
3.57	 0.0218004
3.56	 0.0218336
3.55	 0.0217364
3.54	 0.0218095
3.53	 0.0217882
3.52	 0.0219413
3.51	 0.0219289
3.5	 0.0219422
3.49	 0.021705
3.48	 0.0218082
3.47	 0.0217196
3.46	 0.0220799
3.45	 0.0217992
3.44	 0.021904
3.43	 0.0219251
3.42	 0.0218486
3.41	 0.0219299
3.4	 0.0219461
3.39	 0.0217507
3.38	 0.0220562
3.37	 0.0220976
3.36	 0.0217552
3.35	 0.0217565
3.34	 0.0219245
3.33	 0.0218712
3.32	 0.0218917
3.31	 0.0218478
3.3	 0.0218854
3.29	 0.0217653
3.28	 0.0219644
3.27	 0.0219161
3.26	 0.0220709
3.25	 0.0219093
3.24	 0.0220556
3.23	 0.0218533
3.22	 0.0220113
3.21	 0.0219833
3.2	 0.0222814
3.19	 0.0222327
3.18	 0.0220458
3.17	 0.0219448
3.16	 0.0220512
3.15	 0.0220168
3.14	 0.0220817
3.13	 0.0221041
3.12	 0.0221053
3.11	 0.0220655
3.1	 0.0220432
3.09	 0.0221279
3.08	 0.0221386
3.07	 0.0221447
3.06	 0.0222641
3.05	 0.0223402
3.04	 0.0220706
3.03	 0.0220628
3.02	 0.0222755
3.01	 0.0220442
3	 0.0222828
2.99	 0.0221326
2.98	 0.0224388
2.97	 0.0221866
2.96	 0.0221115
2.95	 0.0220998
2.94	 0.0222395
2.93	 0.0223436
2.92	 0.0222332
2.91	 0.0223435
2.9	 0.022254
2.89	 0.022165
2.88	 0.0222584
2.87	 0.0222803
2.86	 0.0220574
2.85	 0.0223183
2.84	 0.0222366
2.83	 0.021998
2.82	 0.0222734
2.81	 0.0222888
2.8	 0.0221849
2.79	 0.0221042
2.78	 0.0222929
2.77	 0.0224929
2.76	 0.0221835
2.75	 0.0223663
2.74	 0.022649
2.73	 0.0220934
2.72	 0.0221804
2.71	 0.0221805
2.7	 0.0220952
2.69	 0.0218186
2.68	 0.0221228
2.67	 0.0224259
2.66	 0.0219377
2.65	 0.0219462
2.64	 0.0223208
2.63	 0.0223156
2.62	 0.0221724
2.61	 0.0224485
2.6	 0.0220945
2.59	 0.0223306
2.58	 0.0220037
2.57	 0.0221691
2.56	 0.0220553
2.55	 0.0220966
2.54	 0.0219672
2.53	 0.0220213
2.52	 0.0222871
2.51	 0.0220898
2.5	 0.0218353
2.49	 0.0221931
2.48	 0.0220388
2.47	 0.0220659
2.46	 0.0222583
2.45	 0.0219231
2.44	 0.0222165
2.43	 0.0217405
2.42	 0.021683
2.41	 0.021847
2.4	 0.0216046
2.39	 0.0215955
2.38	 0.0216584
2.37	 0.0219314
2.36	 0.0216037
2.35	 0.0216933
2.34	 0.0217588
2.33	 0.0217261
2.32	 0.0217
2.31	 0.0219193
2.3	 0.0216147
2.29	 0.0215154
2.28	 0.0219093
2.27	 0.021728
2.26	 0.0215097
2.25	 0.0217777
2.24	 0.0215335
2.23	 0.021674
2.22	 0.0217585
2.21	 0.021549
2.2	 0.0214747
2.19	 0.0215936
2.18	 0.0214652
2.17	 0.0215438
2.16	 0.0215534
2.15	 0.0216949
2.14	 0.0215841
2.13	 0.021761
2.12	 0.0216384
2.11	 0.0216993
2.1	 0.0216441
2.09	 0.0219211
2.08	 0.0217074
2.07	 0.0217622
2.06	 0.0218365
2.05	 0.0218591
2.04	 0.0218136
2.03	 0.0218272
2.02	 0.0219986
2.01	 0.0218191
2	 0.0221768
1.99	 0.0221212
1.98	 0.0218624
1.97	 0.0220008
1.96	 0.021907
1.95	 0.0220821
1.94	 0.0221715
1.93	 0.0217553
1.92	 0.0220523
1.91	 0.0219446
1.9	 0.0216965
1.89	 0.0219141
1.88	 0.0218386
1.87	 0.0219914
1.86	 0.0220688
1.85	 0.0221026
1.84	 0.0223161
1.83	 0.0221591
1.82	 0.021948
1.81	 0.0220081
1.8	 0.0220842
1.79	 0.0217461
1.78	 0.0216737
1.77	 0.0219345
1.76	 0.0216242
1.75	 0.021864
1.74	 0.0216795
1.73	 0.0216484
1.72	 0.0218336
1.71	 0.0214521
1.7	 0.0215395
1.69	 0.0214021
1.68	 0.021505
1.67	 0.0214519
1.66	 0.0214516
1.65	 0.0216404
1.64	 0.0215084
1.63	 0.0215155
1.62	 0.0215549
1.61	 0.0215521
1.6	 0.0215767
1.59	 0.0215698
1.58	 0.0215588
1.57	 0.0216876
1.56	 0.0216361
1.55	 0.021646
1.54	 0.0217379
1.53	 0.0218372
1.52	 0.0217854
1.51	 0.0217208
1.5	 0.0217709
1.49	 0.0220504
1.48	 0.0219522
1.47	 0.0218003
1.46	 0.0218104
1.45	 0.0218931
1.44	 0.0220352
1.43	 0.021993
1.42	 0.0220846
1.41	 0.0217385
1.4	 0.0220224
1.39	 0.0220447
1.38	 0.0218021
1.37	 0.0220258
1.36	 0.0219453
1.35	 0.0220925
1.34	 0.0220589
1.33	 0.0216473
1.32	 0.0215402
1.31	 0.0215521
1.3	 0.0213357
1.29	 0.0214222
1.28	 0.0216338
1.27	 0.0213661
1.26	 0.0214402
1.25	 0.0214818
1.24	 0.0214459
1.23	 0.0214814
1.22	 0.0214342
1.21	 0.0215164
1.2	 0.0215339
1.19	 0.0216437
1.18	 0.0216847
1.17	 0.0216042
1.16	 0.0216077
1.15	 0.0217769
1.14	 0.0216849
1.13	 0.0216344
1.12	 0.0216263
1.11	 0.0215535
1.1	 0.0217187
1.09	 0.0215965
1.08	 0.0213528
1.07	 0.0213975
1.06	 0.0213786
1.05	 0.0213772
1.04	 0.0213916
1.03	 0.0213969
1.02	 0.0214552
1.01	 0.0214874
1	 0.0214635
0.99	 0.0215192
0.98	 0.0214834
0.970001	 0.0216769
0.960001	 0.021537
0.950001	 0.0214971
0.940001	 0.0215012
0.93	 0.0215455
0.92	 0.0215076
0.91	 0.0214337
0.9	 0.0214258
0.890001	 0.0214281
0.880001	 0.0214383
0.870001	 0.0214426
0.860001	 0.0214448
0.85	 0.021483
0.84	 0.0214971
0.83	 0.0214973
0.82	 0.0214725
0.810001	 0.0214908
0.800001	 0.021482
0.790001	 0.021484
0.780001	 0.0214904
0.77	 0.0214967
0.76	 0.0215072
0.75	 0.0215181
0.74	 0.0215193
0.73	 0.0215248
0.720001	 0.0215347
0.710001	 0.0215375
0.700001	 0.0215461
0.690001	 0.0215512
0.68	 0.0215584
0.67	 0.0215658
0.66	 0.0215741
0.65	 0.0215812
0.640001	 0.0215889
0.630001	 0.0215969
0.620001	 0.0216052
0.610001	 0.0216133
0.6	 0.0216222
0.59	 0.0216315
0.58	 0.0216387
0.57	 0.0216476
0.560001	 0.0216565
0.550001	 0.0216657
0.540001	 0.021675
0.530001	 0.0216845
0.52	 0.0216942
0.51	 0.0217041
0.5	 0.0217142
0.49	 0.0217245
0.48	 0.0217351
0.470001	 0.0217459
0.460001	 0.0217568
0.450001	 0.0217681
0.440001	 0.0217796
0.43	 0.0217914
0.42	 0.0218035
0.41	 0.0218159
0.4	 0.0218286
0.390001	 0.0218416
0.380001	 0.021855
0.370001	 0.0218688
0.360001	 0.0218829
0.35	 0.0218975
0.34	 0.0219125
0.33	 0.021928
0.32	 0.0219439
0.310001	 0.0219604
0.300001	 0.0219775
0.290001	 0.0219951
0.280001	 0.0220134
0.27	 0.0220324
0.26	 0.0220521
0.25	 0.0220726
0.24	 0.022094
0.23	 0.0221164
0.220001	 0.0221397
0.210001	 0.0221642
0.200001	 0.0221899
0.190001	 0.022217
0.18	 0.0222456
0.17	 0.022276
0.16	 0.0223082
0.15	 0.0223426
0.140001	 0.0223794
0.130001	 0.0224191
0.120001	 0.0224621
0.110001	 0.0225089
0.1	 0.0225604
0.0900002	 0.0211532
0.0799999	 0.0211532
0.0699997	 0.0211532
0.0600014	 0.0211532
0.0500011	 0.0211532
0.0400009	 0.0211532
0.0300007	 0.0211532
0.0200005	 0.0211532
0.0100002	 0.0211532
